# New set of ZEROs for readnoise calib after KPNO shutdown, Aug 10 - Sep 21, 2026.

# NIGHT EXPID
20260925 366343
20260925 366342
20260925 366341
20260925 366340
20260925 366339
20260925 366338
20260925 366337
20260925 366336
20260925 366335
20260925 366334
20260925 366333
20260925 366332
20260925 366331
20260925 366330
20260925 366329
20260925 366328
20260925 366327
20260925 366326
20260925 366325
20260925 366324
20260925 366323
20260925 366322
20260925 366321
20260925 366320
20260925 366319
20260925 366318
20260925 366317
20260925 366316
20260925 366315
20260925 366314
20260925 366313
20260925 366312
20260925 366311
